Topology: ( 100 Nodes, 200 Edges )
Model (3 - ASWaxman):  100 1000 100 1  2  0.15 0.2 1 2 1.0 1024.0 

Nodes: ( 100 )
0	135	290	7	7	0	AS_NONE
1	698	833	10	10	1	AS_NONE
2	134	23	8	8	2	AS_NONE
3	242	176	7	7	3	AS_NONE
4	919	33	7	7	4	AS_NONE
5	922	418	10	10	5	AS_NONE
6	203	476	7	7	6	AS_NONE
7	763	682	5	5	7	AS_NONE
8	935	344	5	5	8	AS_NONE
9	647	599	11	11	9	AS_NONE
10	37	21	2	2	10	AS_NONE
11	588	112	6	6	11	AS_NONE
12	482	148	5	5	12	AS_NONE
13	839	87	6	6	13	AS_NONE
14	592	339	8	8	14	AS_NONE
15	578	468	7	7	15	AS_NONE
16	32	597	6	6	16	AS_NONE
17	261	444	4	4	17	AS_NONE
18	220	959	6	6	18	AS_NONE
19	264	86	5	5	19	AS_NONE
20	991	6	5	5	20	AS_NONE
21	804	966	5	5	21	AS_NONE
22	98	286	7	7	22	AS_NONE
23	475	830	8	8	23	AS_NONE
24	547	629	8	8	24	AS_NONE
25	808	539	6	6	25	AS_NONE
26	899	253	6	6	26	AS_NONE
27	759	663	5	5	27	AS_NONE
28	333	944	3	3	28	AS_NONE
29	658	811	6	6	29	AS_NONE
30	774	430	6	6	30	AS_NONE
31	171	205	10	10	31	AS_NONE
32	379	139	4	4	32	AS_NONE
33	981	295	7	7	33	AS_NONE
34	701	377	3	3	34	AS_NONE
35	27	255	3	3	35	AS_NONE
36	314	538	6	6	36	AS_NONE
37	876	686	2	2	37	AS_NONE
38	526	510	6	6	38	AS_NONE
39	675	484	5	5	39	AS_NONE
40	56	999	4	4	40	AS_NONE
41	766	780	3	3	41	AS_NONE
42	547	51	3	3	42	AS_NONE
43	363	688	6	6	43	AS_NONE
44	314	740	2	2	44	AS_NONE
45	589	848	2	2	45	AS_NONE
46	360	431	4	4	46	AS_NONE
47	871	44	3	3	47	AS_NONE
48	49	598	4	4	48	AS_NONE
49	283	222	5	5	49	AS_NONE
50	756	88	3	3	50	AS_NONE
51	608	794	3	3	51	AS_NONE
52	668	480	2	2	52	AS_NONE
53	697	164	2	2	53	AS_NONE
54	883	780	4	4	54	AS_NONE
55	554	647	2	2	55	AS_NONE
56	157	646	2	2	56	AS_NONE
57	379	777	2	2	57	AS_NONE
58	529	350	3	3	58	AS_NONE
59	515	12	2	2	59	AS_NONE
60	511	503	3	3	60	AS_NONE
61	929	845	2	2	61	AS_NONE
62	371	408	3	3	62	AS_NONE
63	888	803	2	2	63	AS_NONE
64	812	803	2	2	64	AS_NONE
65	952	3	2	2	65	AS_NONE
66	229	531	2	2	66	AS_NONE
67	329	237	2	2	67	AS_NONE
68	62	466	4	4	68	AS_NONE
69	1	569	4	4	69	AS_NONE
70	925	396	2	2	70	AS_NONE
71	441	473	3	3	71	AS_NONE
72	385	804	4	4	72	AS_NONE
73	273	699	2	2	73	AS_NONE
74	106	717	2	2	74	AS_NONE
75	909	405	2	2	75	AS_NONE
76	553	553	2	2	76	AS_NONE
77	233	271	2	2	77	AS_NONE
78	495	6	2	2	78	AS_NONE
79	277	219	3	3	79	AS_NONE
80	863	957	2	2	80	AS_NONE
81	812	40	3	3	81	AS_NONE
82	384	924	3	3	82	AS_NONE
83	942	544	3	3	83	AS_NONE
84	291	146	2	2	84	AS_NONE
85	264	170	2	2	85	AS_NONE
86	821	436	3	3	86	AS_NONE
87	758	166	2	2	87	AS_NONE
88	479	162	2	2	88	AS_NONE
89	315	193	3	3	89	AS_NONE
90	877	90	3	3	90	AS_NONE
91	87	303	2	2	91	AS_NONE
92	574	296	2	2	92	AS_NONE
93	742	824	2	2	93	AS_NONE
94	571	460	2	2	94	AS_NONE
95	35	391	2	2	95	AS_NONE
96	148	852	2	2	96	AS_NONE
97	132	821	2	2	97	AS_NONE
98	528	209	2	2	98	AS_NONE
99	94	166	2	2	99	AS_NONE


Edges: ( 200 )
0	2	0	267.00186	0.1	492.27008	2	0	E_AS_NONE	U
1	2	1	987.0137	0.1	256.10107	2	1	E_AS_NONE	U
2	3	0	156.34897	0.1	505.61884	3	0	E_AS_NONE	U
3	3	2	187.27786	0.1	574.9935	3	2	E_AS_NONE	U
4	4	2	785.0637	0.1	299.82275	4	2	E_AS_NONE	U
5	4	1	829.9645	0.1	8.040283	4	1	E_AS_NONE	U
6	5	4	385.0117	0.1	36.90918	5	4	E_AS_NONE	U
7	5	1	471.59412	0.1	615.75256	5	1	E_AS_NONE	U
8	6	3	302.52438	0.1	334.39966	6	3	E_AS_NONE	U
9	6	2	458.22482	0.1	354.83368	6	2	E_AS_NONE	U
10	7	1	164.39586	0.1	942.9704	7	1	E_AS_NONE	U
11	7	5	308.18338	0.1	180.05219	7	5	E_AS_NONE	U
12	8	5	75.13322	0.1	57.395813	8	5	E_AS_NONE	U
13	8	4	311.41132	0.1	223.50635	8	4	E_AS_NONE	U
14	9	3	585.62274	0.1	960.52386	9	3	E_AS_NONE	U
15	9	1	239.49321	0.1	745.8296	9	1	E_AS_NONE	U
16	10	0	286.2953	0.1	1018.6212	10	0	E_AS_NONE	U
17	10	8	954.3233	0.1	872.62067	10	8	E_AS_NONE	U
18	11	4	340.29694	0.1	321.1446	11	4	E_AS_NONE	U
19	11	0	486.71655	0.1	694.7649	11	0	E_AS_NONE	U
20	12	11	111.94642	0.1	444.84888	12	11	E_AS_NONE	U
21	12	3	241.6278	0.1	747.0605	12	3	E_AS_NONE	U
22	13	8	274.34467	0.1	872.9786	13	8	E_AS_NONE	U
23	13	4	96.519424	0.1	451.78534	13	4	E_AS_NONE	U
24	14	5	339.32434	0.1	993.6599	14	5	E_AS_NONE	U
25	14	9	265.75363	0.1	389.73657	14	9	E_AS_NONE	U
26	15	13	461.82465	0.1	791.8755	15	13	E_AS_NONE	U
27	15	9	148.06079	0.1	517.49243	15	9	E_AS_NONE	U
28	17	2	439.73856	0.1	3.7947388	17	2	E_AS_NONE	U
29	17	14	347.25494	0.1	341.93854	17	14	E_AS_NONE	U
30	16	11	737.8082	0.1	315.07086	16	11	E_AS_NONE	U
31	16	2	582.9923	0.1	792.7316	16	2	E_AS_NONE	U
32	19	2	144.46107	0.1	654.3384	19	2	E_AS_NONE	U
33	19	0	241.36487	0.1	603.74164	19	0	E_AS_NONE	U
34	18	16	407.90686	0.1	176.32782	18	16	E_AS_NONE	U
35	18	6	483.29907	0.1	384.78455	18	6	E_AS_NONE	U
36	21	18	584.04193	0.1	761.2807	21	18	E_AS_NONE	U
37	21	9	399.17163	0.1	284.33838	21	9	E_AS_NONE	U
38	20	8	342.60764	0.1	17.978699	20	8	E_AS_NONE	U
39	20	5	417.73795	0.1	65.84027	20	5	E_AS_NONE	U
40	23	1	223.02017	0.1	129.06708	23	1	E_AS_NONE	U
41	23	6	446.4303	0.1	90.49921	23	6	E_AS_NONE	U
42	22	15	513.3459	0.1	327.1966	22	15	E_AS_NONE	U
43	22	3	181.20706	0.1	808.177	22	3	E_AS_NONE	U
44	25	7	149.91331	0.1	629.70605	25	7	E_AS_NONE	U
45	25	19	707.91595	0.1	838.2097	25	19	E_AS_NONE	U
46	24	23	213.50644	0.1	171.30573	24	23	E_AS_NONE	U
47	24	14	293.4706	0.1	931.63763	24	14	E_AS_NONE	U
48	27	15	266.0564	0.1	678.82263	27	15	E_AS_NONE	U
49	27	9	128.99612	0.1	183.7287	27	9	E_AS_NONE	U
50	26	25	300.1283	0.1	654.87463	26	25	E_AS_NONE	U
51	26	22	801.6795	0.1	454.74664	26	22	E_AS_NONE	U
52	29	1	45.65085	0.1	1006.0182	29	1	E_AS_NONE	U
53	29	25	310.61874	0.1	225.69849	29	25	E_AS_NONE	U
54	28	14	658.1079	0.1	849.21277	28	14	E_AS_NONE	U
55	28	18	113.99123	0.1	437.8258	28	18	E_AS_NONE	U
56	31	22	109.041275	0.1	656.033	31	22	E_AS_NONE	U
57	31	29	777.4349	0.1	795.3692	31	29	E_AS_NONE	U
58	30	17	513.191	0.1	539.12396	30	17	E_AS_NONE	U
59	30	9	211.4001	0.1	119.08911	30	9	E_AS_NONE	U
60	34	5	224.771	0.1	629.17896	34	5	E_AS_NONE	U
61	34	25	194.14685	0.1	473.63074	34	25	E_AS_NONE	U
62	35	31	152.4336	0.1	166.75568	35	31	E_AS_NONE	U
63	35	16	342.03656	0.1	660.69275	35	16	E_AS_NONE	U
64	32	22	317.12775	0.1	568.2373	32	22	E_AS_NONE	U
65	32	35	370.6211	0.1	107.41321	32	35	E_AS_NONE	U
66	33	30	247.13155	0.1	598.1407	33	30	E_AS_NONE	U
67	33	26	92.13034	0.1	774.5309	33	26	E_AS_NONE	U
68	38	15	66.8431	0.1	470.59033	38	15	E_AS_NONE	U
69	38	26	452.9658	0.1	873.50464	38	26	E_AS_NONE	U
70	39	31	576.0703	0.1	720.37286	39	31	E_AS_NONE	U
71	39	38	151.25145	0.1	337.98773	39	38	E_AS_NONE	U
72	36	18	431.36642	0.1	606.96875	36	18	E_AS_NONE	U
73	36	13	692.11707	0.1	389.5097	36	13	E_AS_NONE	U
74	37	14	448.4027	0.1	703.3428	37	14	E_AS_NONE	U
75	37	24	333.90118	0.1	743.00104	37	24	E_AS_NONE	U
76	42	31	406.31516	0.1	548.56036	42	31	E_AS_NONE	U
77	42	20	446.27457	0.1	937.1227	42	20	E_AS_NONE	U
78	43	15	307.61176	0.1	358.4945	43	15	E_AS_NONE	U
79	43	23	180.85353	0.1	639.11035	43	23	E_AS_NONE	U
80	40	23	451.7986	0.1	679.84906	40	23	E_AS_NONE	U
81	40	29	630.67267	0.1	353.09045	40	29	E_AS_NONE	U
82	41	30	350.09143	0.1	593.19977	41	30	E_AS_NONE	U
83	41	29	112.36102	0.1	473.7492	41	29	E_AS_NONE	U
84	46	1	525.21234	0.1	845.99994	46	1	E_AS_NONE	U
85	46	11	392.1033	0.1	900.05396	46	11	E_AS_NONE	U
86	47	20	125.872955	0.1	661.10016	47	20	E_AS_NONE	U
87	47	34	373.88367	0.1	827.4312	47	34	E_AS_NONE	U
88	44	21	539.60724	0.1	48.384094	44	21	E_AS_NONE	U
89	44	28	204.88289	0.1	775.6997	44	28	E_AS_NONE	U
90	45	41	189.61276	0.1	453.10242	45	41	E_AS_NONE	U
91	45	9	255.6658	0.1	201.40607	45	9	E_AS_NONE	U
92	51	33	623.0008	0.1	146.77557	51	33	E_AS_NONE	U
93	51	30	400.065	0.1	68.47742	51	30	E_AS_NONE	U
94	50	12	280.49243	0.1	871.2423	50	12	E_AS_NONE	U
95	50	19	492.00406	0.1	867.0555	50	19	E_AS_NONE	U
96	49	46	222.73302	0.1	675.33984	49	46	E_AS_NONE	U
97	49	22	195.7575	0.1	802.75244	49	22	E_AS_NONE	U
98	48	18	399.45212	0.1	613.09973	48	18	E_AS_NONE	U
99	48	6	196.46883	0.1	785.09375	48	6	E_AS_NONE	U
100	55	21	405.29126	0.1	193.33557	55	21	E_AS_NONE	U
101	55	36	263.5925	0.1	109.82269	55	36	E_AS_NONE	U
102	54	46	628.75275	0.1	654.55304	54	46	E_AS_NONE	U
103	54	21	202.08167	0.1	38.785522	54	21	E_AS_NONE	U
104	53	31	527.59546	0.1	637.3885	53	31	E_AS_NONE	U
105	53	24	488.5949	0.1	884.83844	53	24	E_AS_NONE	U
106	52	5	261.45746	0.1	578.03326	52	5	E_AS_NONE	U
107	52	26	323.86725	0.1	807.25305	52	26	E_AS_NONE	U
108	59	54	851.6149	0.1	42.58087	59	54	E_AS_NONE	U
109	59	32	186.07794	0.1	234.38733	59	32	E_AS_NONE	U
110	58	4	502.58234	0.1	790.6443	58	4	E_AS_NONE	U
111	58	33	455.33395	0.1	609.92896	58	33	E_AS_NONE	U
112	57	51	229.63014	0.1	45.613403	57	51	E_AS_NONE	U
113	57	26	738.2249	0.1	166.15326	57	26	E_AS_NONE	U
114	56	23	367.39624	0.1	273.29102	56	23	E_AS_NONE	U
115	56	38	393.26456	0.1	950.91315	56	38	E_AS_NONE	U
116	63	33	516.4426	0.1	305.48755	63	33	E_AS_NONE	U
117	63	54	23.537205	0.1	276.40686	63	54	E_AS_NONE	U
118	62	7	478.2677	0.1	754.7246	62	7	E_AS_NONE	U
119	62	49	205.76686	0.1	903.76324	62	49	E_AS_NONE	U
120	61	49	897.4659	0.1	24.972961	61	49	E_AS_NONE	U
121	61	7	232.6478	0.1	497.45245	61	7	E_AS_NONE	U
122	60	24	131.04198	0.1	987.2597	60	24	E_AS_NONE	U
123	60	62	169.18924	0.1	456.67413	60	62	E_AS_NONE	U
124	68	58	481.19122	0.1	20.415588	68	58	E_AS_NONE	U
125	68	36	262.08395	0.1	141.02612	68	36	E_AS_NONE	U
126	69	68	119.70798	0.1	887.08527	69	68	E_AS_NONE	U
127	69	11	743.9207	0.1	73.349304	69	11	E_AS_NONE	U
128	70	24	444.04166	0.1	392.35046	70	24	E_AS_NONE	U
129	70	5	22.203604	0.1	48.230347	70	5	E_AS_NONE	U
130	71	43	228.71161	0.1	352.614	71	43	E_AS_NONE	U
131	71	27	370.4376	0.1	964.70703	71	27	E_AS_NONE	U
132	64	71	496.52896	0.1	513.3176	64	71	E_AS_NONE	U
133	64	29	154.20766	0.1	332.60345	64	29	E_AS_NONE	U
134	65	38	662.2122	0.1	819.65204	65	38	E_AS_NONE	U
135	65	9	669.50806	0.1	141.99353	65	9	E_AS_NONE	U
136	66	68	179.2038	0.1	3.3221436	66	68	E_AS_NONE	U
137	66	48	192.0651	0.1	775.8184	66	48	E_AS_NONE	U
138	67	5	620.00806	0.1	229.63556	67	5	E_AS_NONE	U
139	67	43	452.2798	0.1	203.74811	67	43	E_AS_NONE	U
140	76	14	217.5247	0.1	750.393	76	14	E_AS_NONE	U
141	76	15	88.60023	0.1	819.65625	76	15	E_AS_NONE	U
142	77	22	135.83078	0.1	989.48016	77	22	E_AS_NONE	U
143	77	60	362.08838	0.1	74.01349	77	60	E_AS_NONE	U
144	78	23	824.2427	0.1	980.1306	78	23	E_AS_NONE	U
145	78	12	142.59383	0.1	1004.79004	78	12	E_AS_NONE	U
146	79	31	106.92053	0.1	764.0781	79	31	E_AS_NONE	U
147	79	49	6.708204	0.1	501.38586	79	49	E_AS_NONE	U
148	72	17	380.75714	0.1	762.5785	72	17	E_AS_NONE	U
149	72	24	238.47221	0.1	278.8626	72	24	E_AS_NONE	U
150	73	40	370.2553	0.1	768.82306	73	40	E_AS_NONE	U
151	73	16	261.69638	0.1	591.008	73	16	E_AS_NONE	U
152	74	69	181.4635	0.1	625.7747	74	69	E_AS_NONE	U
153	74	72	292.24988	0.1	880.55334	74	72	E_AS_NONE	U
154	75	13	325.61328	0.1	946.1979	75	13	E_AS_NONE	U
155	75	25	167.80048	0.1	170.45782	75	25	E_AS_NONE	U
156	85	6	312.02084	0.1	695.293	85	6	E_AS_NONE	U
157	85	31	99.368004	0.1	619.726	85	31	E_AS_NONE	U
158	84	38	433.26782	0.1	606.6833	84	38	E_AS_NONE	U
159	84	79	74.330345	0.1	119.5282	84	79	E_AS_NONE	U
160	87	9	447.00113	0.1	698.6275	87	9	E_AS_NONE	U
161	87	20	282.64642	0.1	803.7758	87	20	E_AS_NONE	U
162	86	33	213.26276	0.1	49.705444	86	33	E_AS_NONE	U
163	86	36	517.15857	0.1	572.1052	86	36	E_AS_NONE	U
164	81	50	73.756355	0.1	262.1637	81	50	E_AS_NONE	U
165	81	42	265.2282	0.1	601.51056	81	42	E_AS_NONE	U
166	80	39	508.99213	0.1	81.03046	80	39	E_AS_NONE	U
167	80	23	408.25604	0.1	156.44836	80	23	E_AS_NONE	U
168	83	43	596.63806	0.1	236.06781	83	43	E_AS_NONE	U
169	83	86	162.18816	0.1	1011.7301	83	86	E_AS_NONE	U
170	82	40	336.46545	0.1	735.8114	82	40	E_AS_NONE	U
171	82	14	620.8776	0.1	865.8668	82	14	E_AS_NONE	U
172	93	9	244.23349	0.1	935.92303	93	9	E_AS_NONE	U
173	93	24	275.77164	0.1	470.94598	93	24	E_AS_NONE	U
174	92	19	374.4329	0.1	116.92255	92	19	E_AS_NONE	U
175	92	39	213.41275	0.1	930.2941	92	39	E_AS_NONE	U
176	95	69	181.2181	0.1	33.81299	95	69	E_AS_NONE	U
177	95	43	442.48502	0.1	635.30524	95	43	E_AS_NONE	U
178	94	27	276.68213	0.1	931.0306	94	27	E_AS_NONE	U
179	94	47	512.88983	0.1	225.47284	94	47	E_AS_NONE	U
180	89	72	614.99677	0.1	822.33826	89	72	E_AS_NONE	U
181	89	81	520.01733	0.1	387.9803	89	81	E_AS_NONE	U
182	88	32	102.610916	0.1	965.27246	88	32	E_AS_NONE	U
183	88	33	519.31976	0.1	446.4829	88	33	E_AS_NONE	U
184	91	31	129.07362	0.1	551.6178	91	31	E_AS_NONE	U
185	91	36	326.7323	0.1	776.8927	91	36	E_AS_NONE	U
186	90	13	38.118237	0.1	498.91748	90	13	E_AS_NONE	U
187	90	12	399.23553	0.1	835.1202	90	12	E_AS_NONE	U
188	98	89	213.6001	0.1	77.632935	98	89	E_AS_NONE	U
189	98	27	509.38885	0.1	790.65436	98	27	E_AS_NONE	U
190	99	3	148.33745	0.1	576.2607	99	3	E_AS_NONE	U
191	99	90	786.67975	0.1	494.49072	99	90	E_AS_NONE	U
192	96	48	272.61145	0.1	795.2278	96	48	E_AS_NONE	U
193	96	16	280.1446	0.1	212.55688	96	16	E_AS_NONE	U
194	97	82	272.23703	0.1	939.6117	97	82	E_AS_NONE	U
195	97	39	639.07587	0.1	24.354675	97	39	E_AS_NONE	U
196	0	31	92.309265	0.1	1000.67	0	31	E_AS_NONE	U
197	0	6	198.0404	0.1	67.49927	0	6	E_AS_NONE	U
198	1	30	410.10364	0.1	499.85712	1	30	E_AS_NONE	U
199	1	83	378.22876	0.1	584.04974	1	83	E_AS_NONE	U
